100206
100610
101006
101309
101915
102311
102513
103414
105115
106016
107321
107422
108121
108222
109830
110007
110411
110613
112112
112314
112920
113922
116524
118124
118528
119126
121416
122822
123117
124422
124826
127630
128632
129028
129129
129634
130316
130417
131217
131823
132017
134021
134223
134425
134728
135528
135730
135932
136732
137229
137633
138231
139233
139637
139839
140117
141119
141826
144125
144731
146129
146432
146533
146937
147030
148133
149236
149337
149842
150625
150928
152831
153227
154229
154532
154734
154835
154936
155635
155938
157942
159138
159239
159340
159441
160830
161731
162329
162733
163331
163836
164030
164939
167238
168240
169949
170631
171633
172938
173435
173536
173738
173839
173940
174437
175035
175237
175338
175439
175742
176037
178950
179346
180129
181131
181232
181636
182436
183034
185139
185442
186141
186444
187345
188448
188549
188751
189450
191033
192035
192136
192843
194645
194746
195445
195849
195950
197348
198855
199453
199958
200008
200311
200614
201515
202719
203418
203923
204319
204521
204622
205119
206222
207123
208125
208327
209228
210415
211215
211316
211922
212015
212419
213421
214221
214423
214524
220721
221319
227432
228434
233326
248339
250427
250932
255639
257542
257845
268850
285446
293748
295146
297655
299154
300618
303119
304727
308331
309636
310621
316633
316835
318637
336841
352132
361941
371843
377451
380036
381038
386250
387959
393247
393550
395251
395756
397154
412528
414229
432332
433839
436845
449753
459453
465852
479762
495255
499566
510326
517239
520228
524135
525541
529549
529953
553344
555348
555651
559053
561444
562345
567052
567961
568963
571144
573249
576255
580044
580751
581349
585256
587664
597869
598568
599065
599671
604537
611938
616645
618952
622236
627549
633847
638049
645450
654350
654754
656253
656657
657659
660951
663755
664757
667056
671855
672756
679568
679770
690152
695768
715950
724446
725751
729557
731140
735148
744553
749058
753150
756055
769064
770352
782561
789373
792867
800941
803240
812746
816653
820745
825048
833148
833249
835657
837560
849264
849971
865363
872562
877269
889579
894067
894774
898176
899885
901442
907656
912447
919966
922854
923755
930449
947668
952863
955465
957974
966975
984472
987983
993675
994273